0.000000000000000000e+00,5.960665579551722992e-02,8.024708778616489180e-02,8.130553639554422007e-02,7.445960762723630166e-02,6.489198207740996815e-02,5.507858877132917885e-02,4.608818993545962112e-02,3.828829672513481275e-02,3.171446371784866769e-02,2.626009208258078126e-02,2.177063467800280719e-02
0.000000000000000000e+00,4.847176708682094520e-02,6.527014282110435439e-02,6.576434074563093646e-02,5.989968259036233811e-02,5.185295242609374439e-02,4.364528714639290957e-02,3.615857562250027885e-02,2.969691225264564985e-02,2.428667514404123096e-02,1.983379530666856683e-02,1.620322450116647856e-02
0.000000000000000000e+00,3.865804898039765236e-02,5.198319888862571597e-02,5.201827354690242988e-02,4.710356435351927690e-02,4.049903214726527367e-02,3.380063162678441369e-02,2.771665835966410224e-02,2.249313747203473060e-02,1.814940736271471872e-02,1.460477808837438649e-02,1.174405628666733321e-02
0.000000000000000000e+00,3.075943355744620994e-02,4.100290819795254782e-02,4.056039974747423227e-02,3.639457927552365579e-02,3.100767274526652906e-02,2.561393882016679835e-02,2.075684054722183591e-02,1.662122533758060225e-02,1.321390555186198121e-02,1.046279298451621882e-02,8.269097219125009363e-03
0.000000000000000000e+00,2.538329687921854136e-02,3.305336115359677751e-02,3.203122491674306738e-02,2.824889313213956379e-02,2.368837397647794926e-02,1.925714956773089473e-02,1.534747397840559476e-02,1.207577197690757470e-02,9.424300679878195447e-03,7.318654068431866902e-03,5.668082899085348340e-03
0.000000000000000000e+00,2.312438301067748156e-02,2.899803028347337427e-02,2.730362401748377341e-02,2.342262656197732079e-02,1.912781982582922521e-02,1.514706358470243458e-02,1.175774571562828927e-02,9.007985167438326696e-03,6.842835894081148763e-03,5.170601819043068106e-03,3.895230296016903657e-03
0.000000000000000000e+00,2.441652223569571248e-02,2.970282424753544273e-02,2.743379558424715800e-02,2.300515577973829065e-02,1.832891258135180626e-02,1.413783392307475448e-02,1.067286906039643934e-02,7.940003229483223388e-03,5.848102988624229344e-03,4.278429216420357589e-03,3.116463774481777627e-03
0.000000000000000000e+00,2.946909021667296763e-02,3.591087630085501581e-02,3.357254521625031157e-02,2.842109546379019067e-02,2.283297286481130936e-02,1.775836922079713012e-02,1.352179640499609654e-02,1.015063906444070574e-02,7.547345731663725708e-03,5.576141109462572423e-03,4.103084246615292321e-03
0.000000000000000000e+00,3.816499343498344632e-02,4.795549163927009806e-02,4.659907442995626231e-02,4.107695358291023335e-02,3.446893338256550726e-02,2.812333668312157198e-02,2.257388144299059263e-02,1.795348081158177136e-02,1.421301364158891224e-02,1.123393469425182888e-02,8.882916718774372736e-03
0.000000000000000000e+00,4.991436181678753081e-02,6.532555960666620865e-02,6.641752960052314803e-02,6.145087204047106760e-02,5.433597619844361681e-02,4.692074214183390019e-02,4.003095108972761634e-02,3.396984892501348635e-02,2.878683949239012330e-02,2.441896224211754368e-02,2.076257515811889137e-02
0.000000000000000000e+00,6.361983535062699924e-02,8.637296208720465773e-02,9.126071470044486156e-02,8.792706431922489574e-02,8.116010610640989054e-02,7.333643592760155649e-02,6.560123501078075903e-02,5.845229401264720459e-02,5.205866972158981754e-02,4.643141052889850073e-02,4.151264069277585400e-02
0.000000000000000000e+00,7.772328489365298854e-02,1.083184446793076794e-01,1.174836823904025218e-01,1.162330870481733530e-01,1.102427370908365123e-01,1.024130689341829492e-01,9.420415611064282546e-02,8.630531153452679349e-02,7.900346164622837342e-02,7.238299257033814493e-02,6.643206293371980986e-02
0.000000000000000000e+00,9.034892434446645249e-02,1.276963782443102380e-01,1.403099164427957513e-01,1.404618533536202973e-01,1.347047769107379833e-01,1.264431219364053338e-01,1.174316128102137757e-01,1.085339671509494841e-01,1.001407407505399971e-01,9.239802261793471361e-02,8.533058922652517198e-02
0.000000000000000000e+00,9.980307750613831574e-02,1.416139980294167933e-01,1.559542610247400818e-01,1.561506486391755766e-01,1.495910318626723357e-01,1.401294845921121912e-01,1.297688170841336530e-01,1.195078171082927521e-01,1.098077799718102376e-01,1.008492256516756447e-01,9.267098754031496965e-02
0.000000000000000000e+00,1.049654043937116588e-01,1.486324209915680927e-01,1.629222656084710064e-01,1.620466961393345340e-01,1.540844374076140166e-01,1.431961041563363235e-01,1.315331196773244227e-01,1.201505579105458382e-01,1.095202975548319607e-01,9.981158331173595188e-02,9.104290391719115083e-02
0.000000000000000000e+00,1.058105334757462462e-01,1.492745787370227672e-01,1.622116455003820290e-01,1.599322184544375025e-01,1.507595357907285105e-01,1.389450426698874419e-01,1.266371786450486703e-01,1.148510826307597710e-01,1.040095810048206060e-01,9.423522139134510311e-02,8.550688966789307677e-02
0.000000000000000000e+00,1.035051350737493381e-01,1.454279712379494827e-01,1.561992167768536111e-01,1.527281526954912816e-01,1.429088420911643065e-01,1.308856624853280692e-01,1.186407710241245000e-01,1.070862011857633550e-01,9.657137084097829061e-02,8.717115773384351285e-02,7.883399750075315016e-02
0.000000000000000000e+00,1.003841247385682672e-01,1.400215848192798707e-01,1.484337497452583587e-01,1.438240805431506564e-01,1.337022194331088376e-01,1.218368747050624507e-01,1.099958340709640409e-01,9.894377203789792019e-02,8.895716216263610532e-02,8.007265798404673840e-02,7.222157217844334121e-02
0.000000000000000000e+00,9.887798160757269028e-02,1.362015367116596321e-01,1.426865657660749132e-01,1.365843119755864588e-01,1.258525486625025336e-01,1.138683847367876339e-01,1.022026241658844925e-01,9.148415991074151932e-02,8.190014654212776635e-02,7.343916770545863559e-02,6.600614209821989431e-02
0.000000000000000000e+00,1.003485208415592078e-01,1.364818276157053201e-01,1.418597498564728998e-01,1.342664104369558631e-01,1.223213277112224495e-01,1.095201931822834124e-01,9.734033366569577739e-02,8.634592405630693579e-02,7.666330672417659420e-02,6.822806685842343344e-02,6.090501444558269611e-02
0.000000000000000000e+00,1.042711202009906635e-01,1.411236758901053823e-01,1.464898239554855153e-01,1.380495169536478661e-01,1.248962911598932718e-01,1.108956259845589876e-01,9.765787551688231982e-02,8.578109272782759309e-02,7.539462651972179963e-02,6.641937117739170338e-02,5.869763749979250295e-02
0.000000000000000000e+00,1.085015057369780878e-01,1.474079684959022363e-01,1.537277018018884389e-01,1.451535034788956624e-01,1.312459476718780271e-01,1.162472489798263148e-01,1.019604676467160131e-01,8.908477089576294361e-02,7.779653855217598390e-02,6.803493031485273457e-02,5.964419087479034404e-02
0.000000000000000000e+00,1.107187883784427063e-01,1.515413385799832535e-01,1.587385796402891458e-01,1.501436212843699769e-01,1.357152276188523798e-01,1.199828642745202206e-01,1.049039051566691971e-01,9.125829286428568943e-02,7.926593433591844207e-02,6.888578576334267178e-02,5.996731318430333080e-02
0.000000000000000000e+00,1.102881588730856011e-01,1.518456083743334739e-01,1.585186426893166467e-01,1.494186543922090549e-01,1.343884415416740918e-01,1.181276275805581977e-01,1.026262714777604890e-01,8.866166573946449025e-02,7.644376997290566744e-02,6.592018417476458447e-02,5.692761536492515345e-02
0.000000000000000000e+00,1.079107050059239931e-01,1.485424742320315405e-01,1.532508394973343957e-01,1.429828481122845940e-01,1.271609034563611351e-01,1.106033119375501167e-01,9.514963918333373127e-02,8.144870828238923166e-02,6.962602398727917030e-02,5.955991728611530200e-02,5.104809939589764756e-02
0.000000000000000000e+00,1.044135881261322729e-01,1.427098879862176428e-01,1.454330792510573622e-01,1.333369451828628760e-01,1.167779967673246294e-01,1.000397535968254176e-01,8.488798825036010520e-02,7.179483796565168385e-02,6.071977440774786045e-02,5.145543241802867651e-02,4.373756698121100683e-02
0.000000000000000000e+00,1.000409000910234547e-01,1.354002819832368087e-01,1.369450984939988847e-01,1.237817630305188543e-01,1.065669905658093164e-01,8.976638605018040507e-02,7.489694361978699311e-02,6.230194287040575346e-02,5.186037826419505337e-02,4.328505831576943269e-02,3.626484317671831853e-02
0.000000000000000000e+00,9.597164901774003776e-02,1.289098825168059903e-01,1.296854545052107122e-01,1.163984927087914067e-01,9.898453548018661119e-02,8.210681142429031298e-02,6.733631220210621604e-02,5.498237083301735911e-02,4.486368918140033052e-02,3.666537205110345643e-02,3.005442099192385738e-02
0.000000000000000000e+00,9.426797792206230431e-02,1.261528060888905123e-01,1.259073984481501041e-01,1.124670790329283798e-01,9.484995012610281107e-02,7.774479301824142874e-02,6.283934570007093656e-02,5.046145444440961608e-02,4.041277542369781095e-02,3.235280371803288951e-02,2.592541365347987570e-02
0.000000000000000000e+00,9.460731783788639548e-02,1.265867712425584601e-01,1.255827715415749335e-01,1.114637106489158591e-01,9.323898954445043741e-02,7.558089155069824816e-02,6.028156568275236382e-02,4.766068480900986087e-02,3.753446370746454930e-02,2.950420408684019391e-02,2.318476142362955669e-02
0.000000000000000000e+00,9.422264723815518273e-02,1.260403025405102406e-01,1.247209184098706236e-01,1.098842897681953645e-01,9.121282669844787971e-02,7.314271069111186185e-02,5.757099319738609444e-02,4.489147501816716235e-02,3.483190786018122709e-02,2.696751869082295028e-02,2.087187665850939039e-02
0.000000000000000000e+00,9.316638964169075832e-02,1.242728273903980357e-01,1.228695523542693846e-01,1.081610583537399584e-01,8.947484181970528916e-02,7.144469239634594626e-02,5.592451786262541552e-02,4.332075061188507548e-02,3.339154173972877504e-02,2.568841799056615152e-02,1.975739673336154856e-02
0.000000000000000000e+00,9.315993951533567408e-02,1.241373720258438229e-01,1.229909926273259069e-01,1.087574354686647315e-01,9.048517725581554927e-02,7.255328337124564153e-02,5.693839664896401670e-02,4.417843760389311009e-02,3.408254245193196447e-02,2.623889408149406716e-02,2.019018240255521235e-02
0.000000000000000000e+00,9.366353607961105943e-02,1.256623426110430874e-01,1.251663650018499108e-01,1.111785723132874687e-01,9.298111257460542345e-02,7.487518209604832053e-02,5.894302671620953865e-02,4.577877678340756123e-02,3.530759698220059528e-02,2.714629136789035307e-02,2.084349246569089723e-02
0.000000000000000000e+00,9.398208796011185695e-02,1.270605330929127641e-01,1.268113436551499273e-01,1.129769731841055030e-01,9.467463625453924336e-02,7.639186732909815369e-02,6.009049271165348149e-02,4.654075292122856339e-02,3.574428983168145141e-02,2.732795452327352326e-02,2.085066699399325957e-02
0.000000000000000000e+00,9.275429652329499064e-02,1.259028909573776389e-01,1.256504696494998297e-01,1.119659402496051004e-01,9.390459784155394396e-02,7.579972544897131681e-02,5.965884450135842260e-02,4.616306528981203861e-02,3.534985236667279734e-02,2.692549968889756951e-02,2.045908076964082778e-02
0.000000000000000000e+00,9.186226815421105751e-02,1.251106181351979429e-01,1.247437818756744060e-01,1.112491486336110030e-01,9.349719764242925280e-02,7.566192568310997624e-02,5.967809692284369028e-02,4.624359892658454901e-02,3.541509293559583910e-02,2.694939363904570728e-02,2.043717691209433196e-02
0.000000000000000000e+00,9.170454533225889937e-02,1.255442833588318319e-01,1.251949529913213288e-01,1.113602846311109451e-01,9.347923212341256727e-02,7.561478123971714094e-02,5.962412809976156552e-02,4.614704346535995760e-02,3.526360141811869103e-02,2.672561827223613948e-02,2.015924065929951270e-02
0.000000000000000000e+00,9.053813134464488988e-02,1.241149398197299025e-01,1.236436447267612593e-01,1.096187945916190232e-01,9.168110499960141491e-02,7.392706923851326273e-02,5.815008932474331066e-02,4.493065473847709934e-02,3.424351934628720034e-02,2.584514167457392306e-02,1.939440236479040777e-02
0.000000000000000000e+00,8.885229087839759121e-02,1.220171141609501103e-01,1.215618118801194275e-01,1.075662544118496794e-01,8.985422288705205429e-02,7.239128800661943919e-02,5.689804658534806936e-02,4.392801892639309341e-02,3.345417202505980570e-02,2.520418549259608593e-02,1.885226025210971768e-02
0.000000000000000000e+00,8.771191410039064218e-02,1.209014659421884796e-01,1.205134748941464745e-01,1.065244518044740768e-01,8.880078519545335503e-02,7.144383655992969651e-02,5.608381638048925977e-02,4.326167842649639855e-02,3.291948374504027192e-02,2.477424269945861790e-02,1.848551969960911256e-02
0.000000000000000000e+00,8.591647555770172417e-02,1.185332874817780352e-01,1.180403750897648651e-01,1.042943879289748854e-01,8.686469536347342368e-02,6.988236885589946268e-02,5.488421127057115795e-02,4.236162235416081334e-02,3.227918729882539584e-02,2.434041980246571743e-02,1.819426972434831646e-02
0.000000000000000000e+00,8.493235640226635963e-02,1.176915708109410597e-01,1.173723778948360802e-01,1.037067961797511345e-01,8.642373182646415075e-02,6.957372354689606020e-02,5.474113232505049831e-02,4.233839094385771079e-02,3.232534903641255675e-02,2.443780757128354020e-02,1.832388986539046014e-02
0.000000000000000000e+00,8.347319172807843302e-02,1.161605383751871112e-01,1.159910757360746170e-01,1.024018683896858323e-01,8.528420198456698742e-02,6.864179102387933662e-02,5.400370251329482396e-02,4.180257306441834131e-02,3.195512846736325158e-02,2.418769392325781017e-02,1.816314719411328549e-02
0.000000000000000000e+00,8.231209010254868230e-02,1.152510643201547363e-01,1.153421747064483638e-01,1.018259136800370446e-01,8.466633740893204918e-02,6.807695968542634701e-02,5.353871133811741179e-02,4.143572815013298744e-02,3.168077521209843039e-02,2.398417699200490125e-02,1.801494616704101340e-02
0.000000000000000000e+00,8.069901285990431494e-02,1.134134941394153162e-01,1.136069077946832290e-01,1.002159543661986646e-01,8.315261106124324786e-02,6.666261091922572046e-02,5.230017693927591083e-02,4.040414264275643541e-02,3.085035190807167843e-02,2.333852745821694830e-02,1.751908763555039272e-02
0.000000000000000000e+00,7.912726691234821252e-02,1.117486662583798973e-01,1.121388293836541594e-01,9.884700552563867315e-02,8.187826209582334258e-02,6.547573211893817358e-02,5.123074676275050227e-02,3.949160246249475842e-02,3.010656533990720141e-02,2.274835524099178344e-02,1.706234228804976924e-02
0.000000000000000000e+00,7.705911463618965451e-02,1.091940433909692476e-01,1.096463187417793944e-01,9.657457453568907280e-02,7.987125064906233640e-02,6.376123405705502734e-02,4.979252995771685925e-02,3.832129977907190038e-02,2.917864490742716477e-02,2.203302802313808484e-02,1.652515840965031180e-02
0.000000000000000000e+00,7.516036692026606403e-02,1.069477055672048149e-01,1.075530198701880186e-01,9.469797951723053775e-02,7.824187744065361216e-02,6.237033225420986898e-02,4.861835322932755998e-02,3.734689344005577560e-02,2.840603625261850160e-02,2.144254587581680138e-02,1.608231618578771088e-02
0.000000000000000000e+00,7.341833098048608508e-02,1.051008620295410673e-01,1.059950991961670086e-01,9.335137501295724671e-02,7.705047011574218951e-02,6.135092358522395428e-02,4.775741829040221209e-02,3.662309044384957912e-02,2.780082698228383831e-02,2.095295325484857960e-02,1.570233972699325992e-02
0.000000000000000000e+00,7.154564868351133422e-02,1.029756266629326678e-01,1.041287594386754722e-01,9.172779344695536352e-02,7.560489248733838485e-02,6.007171868747070154e-02,4.666118873837762915e-02,3.569680523141818829e-02,2.702691506031459912e-02,2.031567401678245968e-02,1.518756302038120135e-02
0.000000000000000000e+00,6.933647299549598741e-02,1.002744971628290460e-01,1.016035972490802602e-01,8.947219366891120962e-02,7.363014850543622702e-02,5.837084137704445091e-02,4.522103647975957846e-02,3.449947199239932621e-02,2.604098251456041235e-02,1.951145479441101019e-02,1.454402954666212354e-02
0.000000000000000000e+00,6.713729403038987131e-02,9.751293830640575533e-02,9.901136032864066294e-02,8.718297068317532039e-02,7.165074565568846365e-02,5.669691439996268206e-02,4.383325586265014728e-02,3.336852799651870288e-02,2.513053305304486021e-02,1.878456160947311951e-02,1.396978989309819244e-02
0.000000000000000000e+00,6.501450085682160263e-02,9.495676866305456654e-02,9.671589226491099367e-02,8.521303902512683548e-02,6.996633051302167394e-02,5.528353250059673402e-02,4.266654196211925459e-02,3.242025288335943778e-02,2.436868551265810798e-02,1.817511878288093768e-02,1.348133217417620683e-02
0.000000000000000000e+00,6.288500183406516009e-02,9.235877256889728215e-02,9.438820357742265521e-02,8.322543105231508531e-02,6.826155901934090331e-02,5.381702797421009099e-02,4.142772486266348142e-02,3.138866461129182633e-02,2.352219932152593146e-02,1.749019941056830646e-02,1.293211318645175537e-02
0.000000000000000000e+00,6.060224097727474890e-02,8.941917633019130784e-02,9.164115152645163631e-02,8.083952302243402332e-02,6.621917239397405452e-02,5.209519821646622917e-02,3.999849941951443000e-02,3.022174363768227387e-02,2.258073622134299310e-02,1.673886482855231964e-02,1.233853464083662678e-02
0.000000000000000000e+00,5.839223318306106109e-02,8.659233363565772834e-02,8.904133265690662713e-02,7.862380345827232886e-02,6.435475512958738209e-02,5.054527316969431583e-02,3.872961520363117638e-02,2.919989525880499481e-02,2.176779881453995077e-02,1.609606372589894238e-02,1.183295302052409306e-02
0.000000000000000000e+00,5.620191202215844839e-02,8.376034544903314394e-02,8.643490037956085004e-02,7.641261872110451103e-02,6.249709615209089048e-02,4.898659277865090311e-02,3.743784780613306634e-02,2.814425957268047035e-02,2.091630005455018607e-02,1.541742841995899851e-02,1.129643028470762173e-02
0.000000000000000000e+00,5.395444952091863616e-02,8.073217246307179407e-02,8.355387709592872192e-02,7.392598912311752757e-02,6.040484362885883973e-02,4.725088045814710563e-02,3.602115256588476339e-02,2.700658205227279840e-02,2.001457884473269513e-02,1.470919335165681539e-02,1.074493587196516907e-02
0.000000000000000000e+00,5.196382598446516732e-02,7.807470391877063820e-02,8.109780021168959407e-02,7.187194740258441572e-02,5.871258733620158404e-02,4.585669537984430472e-02,3.488314980273982124e-02,2.608992858802130013e-02,1.928679348788190154e-02,1.413738117079235343e-02,1.029842806442021752e-02
0.000000000000000000e+00,4.998156393173124740e-02,7.532246556844029994e-02,7.847063865189100873e-02,6.962989601252073113e-02,5.685086867895754181e-02,4.432305715944602487e-02,3.363178684660445006e-02,2.508357307176850223e-02,1.848786871851944291e-02,1.351003407768537959e-02,9.810137493958936278e-03
0.000000000000000000e+00,4.809394078314196269e-02,7.267251757928758216e-02,7.592890695606023532e-02,6.746645209816955202e-02,5.506824842886356292e-02,4.286670885277176629e-02,3.245442196939813534e-02,2.414537163173929163e-02,1.775102646600197967e-02,1.293772597288602930e-02,9.368918669628798976e-03
0.000000000000000000e+00,4.630232890230023129e-02,7.013251354296930196e-02,7.347106189416678645e-02,6.536890228065948827e-02,5.334042193012751565e-02,4.145232605229123152e-02,3.130242353153668555e-02,2.321731621735324824e-02,1.701280005473549892e-02,1.235749723337313359e-02,8.917546784517756467e-03
0.000000000000000000e+00,4.462436643480164472e-02,6.772101407474201418e-02,7.111429401636623626e-02,6.335152616767748823e-02,5.168533823936481697e-02,4.010840855997947069e-02,3.021884281253376520e-02,2.235413422059734714e-02,1.633468327641432807e-02,1.183156951387453332e-02,8.513387250276152965e-03
0.000000000000000000e+00,4.308985550561830746e-02,6.544556827916564457e-02,6.884067605540929169e-02,6.137718271999435815e-02,5.005468441321318795e-02,3.878153472887073405e-02,2.914701632128689074e-02,2.149742813994436411e-02,1.565877286378650896e-02,1.130477536190855822e-02,8.107101388282113297e-03
0.000000000000000000e+00,4.174828427293211797e-02,6.344757580639423522e-02,6.684758818534385083e-02,5.965885895775738940e-02,4.864955373965556412e-02,3.764688927109931249e-02,2.823462953421966917e-02,2.076917458662903143e-02,1.508468890502898466e-02,1.085807163728628663e-02,7.763432097823297004e-03
0.000000000000000000e+00,4.053429341495734528e-02,6.158764686321639009e-02,6.495121334407194524e-02,5.799784161437657182e-02,4.728054469552744193e-02,3.654081751605347400e-02,2.734716243596061261e-02,2.006339209815877558e-02,1.452984083036135826e-02,1.042762881232377897e-02,7.433275385242963003e-03
0.000000000000000000e+00,3.947976805750131463e-02,5.992401024692228795e-02,6.322586572206108368e-02,5.647082686490439984e-02,4.601657181772299959e-02,3.551861130385283033e-02,2.652741140237067224e-02,1.941052547932962599e-02,1.401554751695526652e-02,1.002736862292571626e-02,7.125442327300978047e-03
0.000000000000000000e+00,3.856948195725709572e-02,5.847374340320024566e-02,6.172170671122362284e-02,5.514453316303696839e-02,4.492574209065135216e-02,3.464244622128490048e-02,2.582739024249579296e-02,1.885363206788010990e-02,1.357611080467970716e-02,9.684636752994286654e-03,6.861343233735290453e-03
0.000000000000000000e+00,3.773716644167490752e-02,5.712393876520750757e-02,6.030564643585787504e-02,5.388589788903710986e-02,4.388711570931756040e-02,3.380923345646853762e-02,2.516464669434435170e-02,1.832916273252355524e-02,1.316431134286552042e-02,9.364846509948765094e-03,6.615887151335463241e-03
0.000000000000000000e+00,3.697235953746862147e-02,5.585175417252861985e-02,5.895731541510704221e-02,5.268025112708935032e-02,4.289022265670740935e-02,3.301090657215925706e-02,2.453248788398737154e-02,1.783150127450484901e-02,1.277554302594256612e-02,9.064271534401743824e-03,6.386138482374040422e-03
0.000000000000000000e+00,3.621687524502839595e-02,5.459333376999537385e-02,5.762606436198650095e-02,5.149274667159709634e-02,4.191186696701285075e-02,3.223126422518023809e-02,2.391839701241732855e-02,1.735033722270648560e-02,1.240093029646463160e-02,8.775240114866585117e-03,6.165489286405615062e-03
0.000000000000000000e+00,3.544482528419540257e-02,5.328952550754843809e-02,5.624119666639966486e-02,5.025495533213811955e-02,4.089226084178052695e-02,3.142099326737311793e-02,2.328361450572846367e-02,1.685627093743326255e-02,1.201900977667547284e-02,8.482515049242644184e-03,5.943373270814097768e-03
0.000000000000000000e+00,3.461493035191200857e-02,5.189613734183416011e-02,5.476754641913004346e-02,4.894301988906691464e-02,3.981650149681761203e-02,3.057095588846026404e-02,2.262176850770858394e-02,1.634446888685177346e-02,1.162558304147311324e-02,8.182502811112116192e-03,5.716677320670337376e-03
0.000000000000000000e+00,3.372301414367098737e-02,5.039273086022853093e-02,5.317613443469488416e-02,4.752630473100526859e-02,3.865664461592081130e-02,2.965753966768052211e-02,2.191410346473600737e-02,1.580027631025340135e-02,1.120969664299160604e-02,7.867050329663560770e-03,5.479559028346046162e-03
0.000000000000000000e+00,3.277782343102573354e-02,4.879311590485462674e-02,5.147993568847947926e-02,4.601543370346319189e-02,3.742161699536088182e-02,2.868872794474025198e-02,2.116771259131439500e-02,1.522998821584106537e-02,1.077651789645352534e-02,7.540295146103279458e-03,5.235071381122749674e-03
0.000000000000000000e+00,3.182027895582788257e-02,4.717091874580555538e-02,4.976202885545219501e-02,4.448893801983905272e-02,3.617917344838259691e-02,2.771994127267875252e-02,2.042647567398132163e-02,1.466734578456508654e-02,1.035156156916966323e-02,7.221214762274242964e-03,4.997299901976505823e-03
0.000000000000000000e+00,3.090137909951000406e-02,4.557628428574481139e-02,4.805321007938756495e-02,4.295692620039025938e-02,3.492519308976671510e-02,2.674013631165474830e-02,1.967759364513570197e-02,1.410049946612612105e-02,9.924836048108781963e-03,6.901658500634696644e-03,4.759597915678736788e-03
0.000000000000000000e+00,3.007961725464362163e-02,4.412582955790533140e-02,4.649415558723369452e-02,4.155825149158243886e-02,3.378269163843464207e-02,2.585163247921352936e-02,1.900293112590632078e-02,1.359350956612387362e-02,9.545669035217809253e-03,6.619258774026589610e-03,4.550397785290837861e-03
0.000000000000000000e+00,2.937021845685759691e-02,4.282784173098796304e-02,4.507876690846593370e-02,4.027429243825876581e-02,3.272558476563289936e-02,2.502615483656585316e-02,1.837603023580039463e-02,1.312366787636252106e-02,9.195862050016163913e-03,6.359931621941138438e-03,4.359152393487815934e-03
0.000000000000000000e+00,2.879148323572300674e-02,4.172719645028925145e-02,4.386950694760001490e-02,3.917205860084693042e-02,3.181669106759522220e-02,2.431705116055205007e-02,1.783874027256321729e-02,1.272281003842075028e-02,8.898807190960592722e-03,6.140701602682258411e-03,4.197821687301631424e-03
0.000000000000000000e+00,2.826898445353497047e-02,4.071107715081895284e-02,4.275272642873918089e-02,3.815533817548102946e-02,3.097885139486951031e-02,2.366444701092471764e-02,1.734599896762844748e-02,1.235678642605708699e-02,8.629177549257143268e-03,5.942554274048961541e-03,4.052663577078906114e-03
0.000000000000000000e+00,2.760783909025311955e-02,3.953762436422109117e-02,4.151646363777024284e-02,3.703826797718160618e-02,3.005761482853079591e-02,2.294566608791475185e-02,1.680075246724687180e-02,1.195142893766588596e-02,8.332340990298035127e-03,5.726139303793474633e-03,3.894941922354592297e-03
0.000000000000000000e+00,2.729917295019159210e-02,3.874395894080360364e-02,4.055590754579592450e-02,3.613667685179143552e-02,2.931096054227329967e-02,2.236532250258631283e-02,1.636705226121683288e-02,1.163246297062352219e-02,8.098507816982314714e-03,5.555913712503027929e-03,3.771762064355318501e-03
0.000000000000000000e+00,2.671609134476953668e-02,3.761055068587185191e-02,3.932674842939670734e-02,3.502779890506231564e-02,2.840498259104028492e-02,2.166815072947526899e-02,1.584780444776683409e-02,1.125035984434227636e-02,7.818236414706844495e-03,5.351365390685921403e-03,3.623794239070752404e-03
0.000000000000000000e+00,2.608238481086493782e-02,3.634391754713860861e-02,3.791930238888503724e-02,3.373570035591780952e-02,2.733319855702509571e-02,2.083050137306576011e-02,1.521750397461001797e-02,1.078790247333896550e-02,7.484121677924148938e-03,5.111775337671042863e-03,3.452472702247232853e-03
0.000000000000000000e+00,2.563253942696666621e-02,3.536821379826400602e-02,3.682942457602906422e-02,3.273650603374953644e-02,2.651019907672466647e-02,2.019371186701144835e-02,1.474264234166195418e-02,1.044111137403315806e-02,7.233650694828005351e-03,4.931887964139225304e-03,3.323698645818207002e-03
0.000000000000000000e+00,2.527403153668308228e-02,3.451209120804482611e-02,3.585119916139691693e-02,3.182393464218983420e-02,2.574768365464851980e-02,1.959715188460876487e-02,1.429464242333101584e-02,1.011309681476716543e-02,6.997113629309684342e-03,4.762848218166926446e-03,3.203536659321207757e-03
0.000000000000000000e+00,2.497302243594742843e-02,3.372965755947029270e-02,3.495362856413354591e-02,3.098835666479446069e-02,2.505257167563136600e-02,1.905609945947880912e-02,1.389035307537245245e-02,9.818373853218041389e-03,6.785329882390583878e-03,4.611867133266627297e-03,3.096378771954302889e-03
0.000000000000000000e+00,2.463485064854784024e-02,3.286617925309220922e-02,3.396216018877978859e-02,3.006386142322330784e-02,2.428226466974615569e-02,1.845588178146202740e-02,1.344177341938985158e-02,9.491735061920093461e-03,6.551204380858019309e-03,4.445564486215928569e-03,2.978897148486490780e-03
0.000000000000000000e+00,2.430799782555023020e-02,3.200589695013750929e-02,3.296491139173026580e-02,2.913069923404629225e-02,2.350347168746226914e-02,1.784879162277047682e-02,1.298836447367198756e-02,9.162483178765570835e-03,6.316094827599138053e-03,4.279261220754584233e-03,2.862092354354259151e-03
0.000000000000000000e+00,2.415386526696881170e-02,3.132255418695679972e-02,3.213946000369721778e-02,2.834649679827579150e-02,2.284250799562297790e-02,1.733077979179987668e-02,1.260085632697266998e-02,8.880779646922522599e-03,6.115453129652096212e-03,4.137983202549581734e-03,2.763073259615319698e-03
0.000000000000000000e+00,2.397429324179508811e-02,3.066512880369673053e-02,3.136550046640092931e-02,2.761011096925871169e-02,2.222207204791088603e-02,1.684455945179644948e-02,1.223701841135474769e-02,8.616579442108961498e-03,5.927166220070597367e-03,4.005693296434393799e-03,2.670834566036932572e-03
0.000000000000000000e+00,2.386546135634361188e-02,3.003378464688805788e-02,3.058758948643654219e-02,2.686285156074418035e-02,2.158997933928525487e-02,1.634826369070754501e-02,1.186573151504275933e-02,8.347368926577758072e-03,5.735608197628730767e-03,3.871034080024878844e-03,2.577086812899979235e-03
0.000000000000000000e+00,2.377766519257908454e-02,2.941167982969605799e-02,2.981189579766768336e-02,2.611191181936239197e-02,2.095251590857987248e-02,1.584706634987751231e-02,1.149040766418628172e-02,8.075490877773134832e-03,5.543123167322266780e-03,3.736648840544363678e-03,2.483942923844976482e-03
0.000000000000000000e+00,2.384491495268313901e-02,2.900527396649255074e-02,2.926115484060045485e-02,2.556004551372097547e-02,2.047508743300646000e-02,1.546802712524888469e-02,1.120551017095773594e-02,7.868845099687106839e-03,5.396649930031145737e-03,3.634407729508929482e-03,2.413343677226361880e-03
0.000000000000000000e+00,2.394689269011865754e-02,2.857327723645854828e-02,2.866370072350524559e-02,2.495694983742401118e-02,1.995056171309934900e-02,1.504986109235794366e-02,1.088973054458038277e-02,7.638764098026580053e-03,5.232899348987241940e-03,3.519880901133070478e-03,2.334004627816882449e-03
0.000000000000000000e+00,2.408297579074027139e-02,2.818128822709271147e-02,2.809400483872269427e-02,2.437688498152652122e-02,1.944563491446656134e-02,1.464666362109906354e-02,1.058546735235930264e-02,7.417581296411345469e-03,5.076360925473194854e-03,3.410860792002050248e-03,2.258951745090845720e-03
0.000000000000000000e+00,2.429572840411912960e-02,2.789256530422613845e-02,2.763881764208706016e-02,2.389536561536319270e-02,1.901889805979746842e-02,1.430312313272505235e-02,1.032491212815843905e-02,7.227790877895951677e-03,4.941696280378944650e-03,3.317029197007595118e-03,2.194502087199566229e-03
0.000000000000000000e+00,2.454511534140162848e-02,2.759859418840414011e-02,2.716234257111721853e-02,2.338931930921347990e-02,1.856822918048529544e-02,1.393890835421047331e-02,1.004794264988464678e-02,7.025520799206644816e-03,4.798103142463829539e-03,3.217078575689852945e-03,2.125797726048601899e-03
